0   -1  -1  -1  -1  -1  -1  -1  -1  -1  -1  -1  -1  -1  -1  -1  -1
-1   0  -1  800  -1  -1  -1  -1  -1  -1  -1  800  -1  -1  -1  -1  -1
-1  -1   0  -1  -1  -1  -1  -1  -1  -1  -1  -1  100  -1  -1  -1  -1
-1  800  -1   0  -1  -1  -1  50  -1  -1  -1  150  -1  -1  -1  -1  -1
-1  -1  -1  -1   0  -1  -1  50  -1  -1  -1  150  -1  -1  -1  -1  -1
-1  -1  -1  -1  -1  0   -1  -1 500 1750  -1  -1  -1 1500  -1  -1  -1
-1  -1  -1  -1  -1  -1   0 500 1000  -1  -1  -1 500  200  -1  -1  -1
-1  -1  -1  50  50  -1 500   0  50  -1  -1  -1  -1  -1  -1  -1 1000
-1  -1  -1  -1  -1 500 1000  50   0 2000  -1  -1  -1  -1  -1  -1  -1
-1  -1  -1  -1  -1 1750  -1  -1 2000   0  -1  -1  -1  -1  -1  -1 2500
-1  -1  -1  -1  -1  -1  -1  -1  -1  -1   0  -1  -1  -1  -1  50  -1
-1  800  -1  150  150  -1  -1  -1  -1  -1  -1   0  -1  -1  -1  -1  -1
-1  -1  100  -1  -1  -1 500  -1  -1  -1  -1  -1   0  -1  -1  -1  -1
-1  -1  -1  -1  -1 1500  200  -1  -1  -1  -1  -1  -1   0  -1  50  -1
-1  -1  -1  -1  -1  -1  -1  -1  -1  -1  -1  -1  -1  -1   0  -1  -1
-1  -1  -1  -1  -1  -1  -1  -1  -1  -1  50  -1  -1  50  -1   0  -1
-1  -1  -1  -1  -1  -1  -1 1000  -1 2500  -1  -1  -1  -1  -1  -1   0