0  -1  -1  -1  -1  -1  100  450  -1  -1  -1  -1  -1  -1  -1  -1  -1
-1  0  -1  -1  -1  -1  50  -1  -1  -1  120  -1  -1  -1  -1  100  -1
-1  -1  0  -1  -1  -1  -1  -1  -1  -1  90  -1  -1  -1  -1  -1  -1
-1  -1  -1  0  25   -1  -1  -1  -1  -1  -1  -1  -1  -1  -1  -1  -1
-1  -1  -1  25  0   -1  -1  -1  -1  -1  -1  -1  -1  -1  -1  -1  -1
-1  -1  -1  -1  -1  0  -1  -1  -1  -1  -1  -1  -1  700  50  -1  -1
100  50  -1  -1  -1  -1  0  -1  -1  -1  -1  -1  -1  100  -1  100  -1
450  -1  -1  -1  -1  -1  -1  0  -1  -1  -1  -1  -1  -1  -1  -1  500
-1  -1  -1  -1  -1  -1  -1  -1  0  -1  -1  -1  -1  -1  -1  -1  -1
-1  -1  -1  -1  -1  -1  -1  -1  -1  0  -1  -1  -1  -1  1500  -1  -1
-1  120  90  -1  -1  -1  -1  -1  -1  -1  0  -1  -1  -1  -1  -1  -1
-1  -1  -1  -1  -1  -1  -1  -1  -1  -1  -1  0  150  -1  -1  -1  -1
-1  -1  -1  -1  -1  -1  -1  -1  -1  -1  -1  150  0  -1  -1  -1  -1
-1  -1  -1  -1  -1  700  100  -1  -1  -1  -1  -1  -1  0  -1  -1  -1
-1  -1  -1  -1  -1  50  -1  -1  -1  1500  -1  -1  -1  -1  0  -1  -1
-1  100  -1  -1  -1  -1  100  -1  -1  -1  -1  -1  -1  -1  -1  0  -1
-1  -1  -1  -1  -1  -1  -1  500  -1  -1  -1  -1  -1  -1  -1  -1  0